0.000000000000000000e+00 8.836055604137990627e-02 7.906519058359900987e-01 9.443664493943023652e-01 1.364898426767269468e+00 1.841311654185913804e+00 1.963122231918896565e+00 2.974658590675377745e+00 7.353885287348475019e-01 3.073284915834601172e+00 3.594567560883857205e+00 4.395062309386850163e-01 7.621198855555754159e-01 9.836062574881002663e-01 9.836062574881002663e-01 6.065687446687280104e-01 1.244968807226814134e+00 2.468890411297136822e+00 9.782599861239547057e-01 3.333926238359229188e+00 3.316156373223708265e+00 1.004991342944682620e+00
inf 0.000000000000000000e+00 7.022913497946101646e-01 8.560058933529224312e-01 1.276537870725889423e+00 1.752951098144533759e+00 1.874761675877516520e+00 2.886298034633997922e+00 6.470279726934675679e-01 2.984924359793221349e+00 3.506207004842477382e+00 3.511456748973050823e-01 6.737593295141954819e-01 8.952457014467203322e-01 8.952457014467203322e-01 5.182081886273480764e-01 1.156608251185434089e+00 2.380529855255756999e+00 8.898994300825747716e-01 3.245565682317849365e+00 3.227795817182328442e+00 9.166307869033026856e-01
inf inf 0.000000000000000000e+00 1.537145435583122666e-01 9.086338027816481810e-01 2.884135795864055218e+00 3.005946373597037979e+00 4.017482732353519381e+00 4.389173973808746076e+00 4.116109057512742808e+00 4.637391702561998841e+00 4.470329188831955847e+00 4.415905330629474435e+00 5.350067128374813574e-01 1.896384799322851755e+00 4.260354189742626474e+00 4.543169013908240905e-01 3.511714552975278902e+00 4.632045431197854057e+00 4.376750380037370824e+00 4.358980514901849901e+00 4.658776788018581527e+00
inf inf 4.675425399505950708e+00 0.000000000000000000e+00 7.625843385583382927e-01 2.738086331640745108e+00 2.859896909373727869e+00 3.871433268130209271e+00 4.243124509585435966e+00 3.970059593289432698e+00 4.491342238338688730e+00 4.324279724608645736e+00 4.269855866406163436e+00 3.812921692791691464e-01 1.750335335099541645e+00 4.114304725519316364e+00 5.129742300896774410e+00 3.365665088751968348e+00 4.485995966974543059e+00 4.230700915814060714e+00 4.212931050678539791e+00 4.512727323795271417e+00
inf inf 3.912841060947612526e+00 4.066555604505924570e+00 0.000000000000000000e+00 1.975501993082406926e+00 2.097312570815389687e+00 3.108848929571871089e+00 3.480540171027097784e+00 3.207475254731094516e+00 3.728757899780350549e+00 3.561695386050307555e+00 3.507271527847825254e+00 3.728757899780350549e+00 9.877509965412034632e-01 3.351720386960978182e+00 4.367157962338436228e+00 2.603080750193630166e+00 3.723411628416204877e+00 3.468116577255722532e+00 3.450346712120201609e+00 3.750142985236932791e+00
inf inf 1.937339067865205600e+00 2.091053611423517644e+00 2.134548075977112713e+00 0.000000000000000000e+00 1.218105777329827610e-01 1.133346936489464163e+00 1.505038177944690858e+00 1.231973261648687590e+00 1.753255906697943622e+00 1.586193392967900628e+00 1.531769534765418772e+00 1.753255906697943622e+00 1.753255906697943622e+00 1.376218393878571256e+00 2.391655969256029746e+00 6.275787571112234620e-01 1.747909635333798173e+00 1.492614584173315606e+00 1.474844719037794682e+00 1.774640992154526087e+00
inf inf 1.815528490132222839e+00 1.969243033690535105e+00 2.012737498244129952e+00 2.489150725662774732e+00 0.000000000000000000e+00 1.011536358756481402e+00 1.383227600211708097e+00 1.110162683915704829e+00 1.631445328964960861e+00 1.464382815234917867e+00 1.409958957032436011e+00 1.631445328964960861e+00 1.631445328964960861e+00 1.254407816145588495e+00 2.269845391523046985e+00 5.057681793782407009e-01 1.626099057600815412e+00 1.370804006440332845e+00 1.353034141304811921e+00 1.652830414421543326e+00
inf inf 8.039921313757415477e-01 9.577066749340538143e-01 1.001201139487648550e+00 1.477614366906292886e+00 1.599424944639275648e+00 0.000000000000000000e+00 3.716912414552266952e-01 9.862632515922342691e-02 6.199089702084794595e-01 4.528464564784364654e-01 3.984225982759546092e-01 6.199089702084794595e-01 6.199089702084794595e-01 2.428714573891072037e-01 1.258309032766565583e+00 2.105193124017516126e+00 6.145626988443338989e-01 3.592676476838514432e-01 3.414977825483306306e-01 6.412940556650618129e-01
inf inf 3.043262193316271791e+00 3.196976736874583835e+00 6.295098980324218552e-01 1.105923125451066191e+00 1.227733703184048952e+00 2.239270061940530354e+00 0.000000000000000000e+00 2.337896387099753781e+00 2.859179032149009814e+00 2.692116518418966820e+00 2.673135682072791397e-02 2.482177287532527643e-01 2.482177287532527643e-01 2.482141519329637447e+00 3.497579094707095937e+00 1.733501882562289653e+00 2.428714573891072037e-01 2.598537709624381797e+00 2.580767844488860874e+00 2.696028142098351177e-01
inf inf 7.053658062165181208e-01 8.590803497748303874e-01 1.279612327147797490e+00 1.756025554566441826e+00 1.877836132299424587e+00 2.889372491055905989e+00 6.501024291153755241e-01 0.000000000000000000e+00 5.212826450492560326e-01 3.542201313192130385e-01 6.768337859361034381e-01 8.983201578686282884e-01 8.983201578686282884e-01 5.212826450492560326e-01 1.159682707607342156e+00 2.383604311677665066e+00 8.929738865044827278e-01 2.606413225246280163e-01 2.428714573891072037e-01 9.197052433252106418e-01
inf inf inf inf inf inf inf inf inf inf 0.000000000000000000e+00 inf inf inf inf inf inf inf inf inf inf inf
inf inf 3.511456748973050823e-01 5.048602184556173489e-01 9.253921958285844518e-01 1.401805423247228788e+00 1.523616000980211549e+00 2.535152359736692951e+00 2.958822977961624856e-01 2.633778684895916378e+00 3.155061329945172410e+00 0.000000000000000000e+00 3.226136546168903996e-01 5.441000265494152499e-01 5.441000265494152499e-01 1.670625137300429941e-01 8.054625762881291173e-01 2.029384180358452028e+00 5.387537551852696893e-01 2.894420007420544394e+00 2.876650142285023470e+00 5.654851120059976033e-01
inf inf 3.016530836495543877e+00 3.170245380053856366e+00 6.390073435480438935e-01 1.079191768630338277e+00 1.201002346363321038e+00 2.212538705119802440e+00 2.584229946575029135e+00 2.311165030279025867e+00 2.832447675328281900e+00 2.665385161598238906e+00 0.000000000000000000e+00 2.577151742688748026e-01 2.214863719325248503e-01 2.455410162508909533e+00 3.470847737886368023e+00 1.706770525741561739e+00 2.827101403964136672e+00 2.571806352803653883e+00 2.554036487668132960e+00 2.428714573891072037e-01
inf inf 4.294133230226782061e+00 4.447847773785094105e+00 3.812921692791691464e-01 2.356794162361576017e+00 2.478604740094558778e+00 3.490141098851040624e+00 3.861832340306267319e+00 3.588767424010264051e+00 4.110050069059520084e+00 3.942987555329477090e+00 3.888563697126994789e+00 0.000000000000000000e+00 1.369043165820372554e+00 3.733012556240147717e+00 4.748450131617605763e+00 2.984372919472799701e+00 4.104703797695374412e+00 3.849408746534892067e+00 3.831638881399371144e+00 4.131435154516102770e+00
inf inf 2.925090064406409063e+00 3.078804607964721107e+00 3.122299072518316176e+00 9.877509965412034632e-01 1.109561574274186224e+00 2.121097933030667626e+00 2.492789174485894321e+00 2.219724258189891053e+00 2.741006903239147086e+00 2.573944389509104091e+00 2.519520531306622235e+00 2.741006903239147086e+00 0.000000000000000000e+00 2.363969390419774719e+00 3.379406965797233209e+00 1.615329753652426925e+00 2.735660631875001414e+00 2.480365580714519069e+00 2.462595715578998146e+00 2.762391988695729772e+00
inf inf 3.172081977382391393e+00 3.325796520940703438e+00 7.583296820985414577e-01 1.234742909517185794e+00 1.356553487250168555e+00 2.368089846006649957e+00 1.288197840661194915e-01 2.466716171165873384e+00 2.987998816215129416e+00 2.820936302485086422e+00 1.555511408868474055e-01 3.770375128193722558e-01 3.770375128193722558e-01 0.000000000000000000e+00 3.626398878773215539e+00 1.862321666628409034e+00 3.716912414552266952e-01 2.727357493690501400e+00 2.709587628554980476e+00 3.984225982759546092e-01
inf inf 4.367157962338437116e+00 4.520872505896749161e+00 4.543169013908240905e-01 2.429818894473231072e+00 2.551629472206213833e+00 3.563165830962695679e+00 3.934857072417922375e+00 3.661792156121919106e+00 4.183074801171175139e+00 4.016012287441132145e+00 3.961588429238649844e+00 4.183074801171175139e+00 1.442067897932027609e+00 3.806037288351802772e+00 0.000000000000000000e+00 3.057397651584454756e+00 4.177728529807029467e+00 3.922433478646547123e+00 3.904663613511026199e+00 4.204459886627757825e+00
inf inf 1.309760310753982360e+00 1.463474854312294404e+00 1.506969318865889473e+00 1.983382546284533809e+00 2.105193124017516570e+00 5.057681793782407009e-01 8.774594208334673962e-01 6.043945045374641278e-01 1.125677149586720160e+00 9.586146358566771664e-01 9.041907776541953101e-01 1.125677149586720383e+00 1.125677149586720160e+00 7.486396367673479046e-01 1.764077212144806284e+00 0.000000000000000000e+00 1.120330878222574711e+00 8.650358270620921441e-01 8.472659619265713316e-01 1.147062235043302625e+00
inf inf 4.299479501590927732e+00 4.453194045149239777e+00 3.866384406433147070e-01 2.362140433725721689e+00 2.483951011458704450e+00 3.495487370215186296e+00 3.867178611670412991e+00 3.594113695374409723e+00 4.115396340423665755e+00 3.948333826693622761e+00 3.893909968491140461e+00 5.346271364145560590e-03 1.374389437184518226e+00 3.738358827604293388e+00 4.753796402981751434e+00 2.989719190836945373e+00 0.000000000000000000e+00 3.854755017899037739e+00 3.836985152763516815e+00 4.136781425880247554e+00
inf inf inf inf inf inf inf inf inf inf 2.606413225246280163e-01 inf inf inf inf inf inf inf inf 0.000000000000000000e+00 inf inf
inf inf 4.624943488274109171e-01 6.162088923857231837e-01 1.036740869758690176e+00 1.513154097177334734e+00 1.634964674910317495e+00 2.646501033666798897e+00 4.072309717262683204e-01 2.745127358826022324e+00 3.266410003875278356e+00 1.113486739301058348e-01 4.339623285469962344e-01 6.554487004795210847e-01 6.554487004795210847e-01 2.784111876601488289e-01 9.168112502182349521e-01 2.140732854288557974e+00 6.501024291153755241e-01 3.005768681350650340e+00 0.000000000000000000e+00 6.768337859361034381e-01
inf inf 4.308976947106549105e+00 4.462691490664861149e+00 3.961358861589367453e-01 2.371637879241343505e+00 2.493448456974326266e+00 3.504984815730807668e+00 3.876676057186034363e+00 3.603611140890031095e+00 4.124893785939287127e+00 3.957831272209244133e+00 3.903407414006761833e+00 1.484371687976759890e-02 1.383886882700140042e+00 3.747856273119914761e+00 4.763293848497372807e+00 2.999216636352566745e+00 4.119547514575141456e+00 3.864252463414659111e+00 3.846482598279138188e+00 0.000000000000000000e+00
