0.000000000000000000e+00 3.826480469347222635e-01 4.045506009686470894e-01 4.045506009686470894e-01 1.125807049464452980e+00 1.583177781310457721e+00 2.387419210532002456e+00 2.207598956012556179e+00 1.461755987871230289e+00 2.495482839178316592e+00 2.495482839178316592e+00 2.307496800758342737e+00 1.696346034433772854e+00 1.324068859323276781e+00 9.938641911395523776e-01 9.976951057239490384e-01 1.638193747940143385e+00 1.487313454792716261e+00 1.286993559014093513e+00 1.747797250864553842e+00 1.286993559014093513e+00 3.552387836075802108e-01 7.651788252165501181e-01 1.884626394314786513e+00 2.906303259746904732e+00 2.051584818041353397e+00 4.736888104498846452e+00 1.626862682035740804e+00
inf 0.000000000000000000e+00 2.190255403392482592e-02 2.190255403392482592e-02 7.431590025297307722e-01 1.200529734375735513e+00 2.004771163597280026e+00 1.824950909077833749e+00 1.079107940936508303e+00 2.112834792243594606e+00 2.112834792243594606e+00 1.924848753823620306e+00 1.313697987499050868e+00 9.414208123885545731e-01 6.112161442048301696e-01 6.150470587892268304e-01 1.255545701005421400e+00 1.104665407857994275e+00 9.043455120793711943e-01 1.365149203929831856e+00 9.043455120793711943e-01 inf 3.825307782818277991e-01 1.501978347380064305e+00 2.523655212812182747e+00 1.668936771106630967e+00 4.354240057564124022e+00 1.244214635101018818e+00
inf inf 0.000000000000000000e+00 inf 7.212564484958059463e-01 1.178627180341810687e+00 1.982868609563355200e+00 1.803048355043908924e+00 1.057205386902583477e+00 2.090932238209669780e+00 2.090932238209669780e+00 1.902946199789695481e+00 1.291795433465126042e+00 9.195182583546297472e-01 5.893135901709053437e-01 1.788937179394049171e+00 1.233643146971496574e+00 1.082762853824069449e+00 8.824429580454463684e-01 1.343246649895907030e+00 8.824429580454463684e-01 inf 3.606282242479029732e-01 1.480075793346139479e+00 2.501752658778257921e+00 1.647034217072706141e+00 4.332337503530199641e+00 2.418104755705841047e+00
inf inf inf 0.000000000000000000e+00 inf 1.186289009510604009e+00 2.951905308896794811e+00 2.626860011950283180e+00 2.693020924585468379e+00 2.914743895116044037e+00 2.914743895116044037e+00 3.538761737472580826e+00 2.927610971148011387e+00 1.888554957688069358e+00 2.225129127853790578e+00 5.931445047553020045e-01 2.202679846304936184e+00 1.906574510730443706e+00 2.518258495728331603e+00 2.167058306802281287e+00 1.851479657378885868e+00 inf inf 3.115891331029024602e+00 3.325564315684632177e+00 3.282849754755591487e+00 5.968153041213084542e+00 1.222312081067093992e+00
inf inf inf inf 0.000000000000000000e+00 3.353328434895202825e+00 1.498450925183717697e+00 4.793899437334882663e+00 2.028452137648435016e+00 5.081783320500642631e+00 5.081783320500642631e+00 2.874192950535547020e+00 2.263042184210977581e+00 4.055594383072667952e+00 4.392168553238390061e+00 2.760183930139901154e+00 7.492254625918588484e-01 4.073613936115043188e+00 1.853689708791298019e+00 4.334097732186879881e+00 4.018519082763485351e+00 inf inf 2.451322544091991240e+00 5.492603741069231660e+00 2.618280967818558125e+00 5.303584254276050736e+00 3.389351506451693030e+00
inf inf inf inf inf 0.000000000000000000e+00 2.432395137735636315e+00 1.440571002439679171e+00 1.506731915074864370e+00 1.728454885605439806e+00 1.728454885605439806e+00 2.352472727961976595e+00 1.741321961637406934e+00 1.369044786526910862e+00 1.038840118343186347e+00 2.238463707566330285e+00 1.683169675143777688e+00 7.202855012198395857e-01 1.331969486217727372e+00 9.807692972916770557e-01 1.331969486217727372e+00 inf inf 1.929602321518420371e+00 2.139275306174027946e+00 2.096560745244987256e+00 4.781864031702480311e+00 2.867631283878122161e+00
inf inf inf inf inf 1.854877509711484906e+00 0.000000000000000000e+00 3.295448512151164078e+00 5.300012124647173195e-01 3.583332395316924934e+00 3.583332395316924934e+00 1.375742025351829323e+00 7.645912590272598841e-01 2.557143457888950255e+00 2.893717628054671476e+00 1.261733004956183013e+00 2.871268346505817082e+00 2.575163010931324603e+00 3.552387836075802108e-01 2.835646807003162184e+00 2.520068157579766766e+00 inf inf 9.528716189082733212e-01 3.994152815885513075e+00 1.119830042634839984e+00 3.805133329092333039e+00 1.890900581267974889e+00
inf inf inf inf inf 1.290507077995755481e+00 1.743548318291249899e+00 0.000000000000000000e+00 1.169085284556528492e+00 2.878838831657608566e-01 2.878838831657608566e-01 2.014826097443640052e+00 1.403675331119071057e+00 6.801979670825244462e-01 7.011934878248502478e-01 1.900817077047994186e+00 9.943228556993912726e-01 8.434425625519641478e-01 9.943228556993912726e-01 6.431226667733410673e-01 6.431226667733410673e-01 inf inf 1.591955691000084272e+00 6.987043037343488860e-01 1.758914114726651157e+00 4.444217401184144656e+00 2.529984653359786062e+00
inf inf inf inf inf 1.324876297246767809e+00 3.090492596632958389e+00 2.765447299686446758e+00 0.000000000000000000e+00 3.053331182852207615e+00 3.053331182852207615e+00 8.457408128871120034e-01 2.345900465625425646e-01 2.027142245424232936e+00 2.363716415589954156e+00 7.317317924914656935e-01 2.341267134041099762e+00 2.045161798466607284e+00 2.656845783464495181e+00 2.305645594538444865e+00 1.990066945115049446e+00 inf inf 4.228704064435560017e-01 3.464151603420795755e+00 5.898288301701227754e-01 3.275132116627615719e+00 1.360899368803257570e+00
inf inf inf inf inf 1.002623194829994624e+00 1.806864624051539359e+00 1.627044369532093082e+00 8.812014013907675247e-01 0.000000000000000000e+00 1.914928252697853939e+00 1.726942214277879417e+00 1.115791447953310200e+00 7.435142728428137948e-01 4.133096046590893913e-01 1.612933193882233329e+00 1.057639161459680732e+00 9.067588683122534965e-01 7.064389725336304160e-01 3.552387836075802108e-01 7.064389725336304160e-01 inf inf 1.304071807834323415e+00 2.325748673266442079e+00 1.471030231560890300e+00 4.156333518018383799e+00 2.242100770194025205e+00
inf inf inf inf inf 1.463426886680455397e+00 1.455664435125489042e+00 1.275844180606042766e+00 1.342005093241227964e+00 1.563728063771803622e+00 0.000000000000000000e+00 2.187745906128339968e+00 1.576595139803770529e+00 3.923140839167635896e-01 8.741132965095499419e-01 2.073736885732694102e+00 7.064389725336304160e-01 5.555586793862032913e-01 1.167242664384090967e+00 8.160424754580407614e-01 3.552387836075802108e-01 inf inf 1.764875499684784188e+00 4.108204205685880295e-01 1.931833923411351073e+00 4.617137209868844572e+00 2.702904462044485978e+00
inf inf inf inf inf inf inf inf inf inf inf 0.000000000000000000e+00 inf inf inf inf inf inf inf inf inf inf inf inf inf inf inf inf
inf inf inf inf inf 1.090286250684225244e+00 2.855902550070415824e+00 2.530857253123904194e+00 2.597018165759089836e+00 2.818741136289665050e+00 2.818741136289665050e+00 3.442758978646201395e+00 0.000000000000000000e+00 1.792552198861690371e+00 2.129126369027411592e+00 4.971417459289231289e-01 2.106677087478557198e+00 1.810571751904064719e+00 2.422255736901952616e+00 2.071055547975902300e+00 1.755476898552506881e+00 inf inf 3.019888572202645616e+00 3.229561556858253191e+00 3.552387836075802108e-01 3.040542070065073155e+00 1.126309322240715005e+00
inf inf inf inf inf 1.071112802763691807e+00 1.063350351208725675e+00 8.835300966892792873e-01 9.496910093244644857e-01 1.171413979855040033e+00 1.171413979855040033e+00 1.795431822211576600e+00 1.184281055887006939e+00 0.000000000000000000e+00 4.817992125927863523e-01 1.681422801815930512e+00 3.141248886168668264e-01 1.632445954694397017e-01 7.749285804673273770e-01 4.237283915412771718e-01 7.749285804673273770e-01 inf inf 1.372561415768020598e+00 1.582234400423628173e+00 1.539519839494587483e+00 4.224823125952080538e+00 2.310590378127722389e+00
inf inf inf inf inf 5.893135901709053437e-01 1.393555019392449967e+00 1.213734764873003691e+00 4.678917967316781334e-01 1.501618648038764547e+00 1.501618648038764547e+00 1.313632609618790248e+00 7.024818432942206980e-01 3.302046681837244035e-01 0.000000000000000000e+00 1.199623589223143938e+00 6.443295568005912299e-01 4.934492636531641052e-01 2.931293678745410247e-01 7.539330597250015753e-01 2.931293678745410247e-01 inf inf 8.907622031752341352e-01 1.912439068607352688e+00 1.057720626901800909e+00 3.743023913359293964e+00 1.828791165534935814e+00
inf inf inf inf inf 5.931445047553020045e-01 2.358760804141492695e+00 2.033715507194981065e+00 2.099876419830166263e+00 2.321599390360741921e+00 2.321599390360741921e+00 2.945617232717278711e+00 2.334466466392709272e+00 1.295410452932767242e+00 1.631984623098488463e+00 0.000000000000000000e+00 1.609535341549634069e+00 1.313430005975141590e+00 1.925113990973029487e+00 1.573913802046979171e+00 1.258335152623583975e+00 inf inf 2.522746826273722487e+00 2.732419810929330062e+00 2.689705250000289372e+00 5.375008536457782427e+00 6.291675763117919873e-01
inf inf inf inf inf 2.604102972303343755e+00 7.492254625918588484e-01 4.044673974743023592e+00 1.279226675056576390e+00 4.332557857908783561e+00 4.332557857908783561e+00 2.124967487943687949e+00 1.513816721619118955e+00 3.306368920480809326e+00 3.642943090646530546e+00 2.010958467548042083e+00 0.000000000000000000e+00 3.324388473523183674e+00 1.104464246199439170e+00 3.584872269595021255e+00 3.269293620171625836e+00 inf inf 1.702097081500132170e+00 4.743378278477372589e+00 1.869055505226699054e+00 4.554358791684192553e+00 2.640126043859833960e+00
inf inf inf inf inf 9.078682072942519943e-01 1.712109636515796618e+00 7.202855012198395857e-01 7.864464138550247840e-01 1.008169384385600331e+00 1.008169384385600331e+00 1.632187226742136898e+00 1.021036460417567238e+00 6.487592853070710541e-01 3.185546171233466506e-01 1.518178206346490811e+00 9.628841739239378805e-01 0.000000000000000000e+00 6.116839849978876753e-01 2.604837960718374701e-01 6.116839849978876753e-01 inf inf 1.209316820298580897e+00 1.418989804954188472e+00 1.376275244025147781e+00 4.061578530482640836e+00 2.147345782658282687e+00
inf inf inf inf inf 1.499638726103904807e+00 3.265255025490095608e+00 2.940209728543583978e+00 1.747624288571371087e-01 3.228093611709344835e+00 3.228093611709344835e+00 1.020503241744249223e+00 4.093524754196796733e-01 2.201904674281370156e+00 2.538478844447091376e+00 9.064942213486028022e-01 2.516029562898236982e+00 2.219924227323744503e+00 0.000000000000000000e+00 2.480408023395582084e+00 2.164829373972186666e+00 inf inf 5.976328353006931104e-01 3.638914032277932975e+00 7.645912590272598841e-01 3.449894545484752939e+00 1.535661797660394789e+00
inf inf inf inf inf 6.473844112224145242e-01 1.451625840443959259e+00 1.271805585924512982e+00 5.259626177831873139e-01 1.559689469090273839e+00 1.559689469090273839e+00 1.371703430670299317e+00 7.605526643457298785e-01 3.882754892352335840e-01 5.807082105150918050e-02 1.257694410274653229e+00 7.024003778521004104e-01 5.515200847046732857e-01 3.512001889260502052e-01 0.000000000000000000e+00 3.512001889260502052e-01 inf inf 9.488330242267433157e-01 1.970509889658861979e+00 1.115791447953310200e+00 3.801094734410803255e+00 1.886861986586445106e+00
inf inf inf inf inf 1.108188103072875075e+00 1.100425651517908943e+00 9.206053969984626661e-01 9.867663096336478645e-01 1.208489280164223523e+00 1.208489280164223523e+00 1.832507122520759868e+00 1.221356356196190429e+00 3.707530030918337882e-02 5.188745129019697311e-01 1.718498102125113558e+00 3.512001889260502052e-01 2.003198957786230805e-01 8.120038807765107558e-01 4.608036918504605506e-01 0.000000000000000000e+00 inf inf 1.409636716077203866e+00 1.619309700732811663e+00 1.576595139803770751e+00 4.261898426261264028e+00 2.347665678436905878e+00
inf 2.740926332714205271e-02 4.931181736106687863e-02 4.931181736106687863e-02 7.705682658568728804e-01 1.227938997702877622e+00 2.032180426924422356e+00 1.852360172404975858e+00 1.106517204263650189e+00 2.140244055570736492e+00 2.140244055570736492e+00 1.952258017150762415e+00 1.341107250826192754e+00 9.688300757156965703e-01 6.386254075319721668e-01 6.424563221163688276e-01 1.282954964332563286e+00 1.132074671185136161e+00 9.317547754065131915e-01 1.392558467256973742e+00 9.317547754065131915e-01 0.000000000000000000e+00 4.099400416089698518e-01 1.529387610707206413e+00 2.551064476139324633e+00 1.696346034433773076e+00 4.381649320891265909e+00 1.271623898428160704e+00
inf inf inf inf 3.606282242479029732e-01 3.713956659143105909e+00 1.859079149431620559e+00 5.154527661582784859e+00 2.389080361896338101e+00 5.442411544748545715e+00 5.442411544748545715e+00 3.234821174783450104e+00 2.623670408458880665e+00 4.416222607320571036e+00 4.752796777486292257e+00 3.120812154387803794e+00 1.109853686839761711e+00 4.434242160362945384e+00 2.214317933039200881e+00 4.694725956434782965e+00 4.379147307011387547e+00 inf 0.000000000000000000e+00 2.811950768339893880e+00 5.853231965317133856e+00 2.978909192066460765e+00 5.664212478523953820e+00 3.749979730699595670e+00
inf inf inf inf inf inf inf inf inf inf inf 4.228704064435560017e-01 inf inf inf inf inf inf inf inf inf inf inf 0.000000000000000000e+00 inf inf inf inf
inf inf inf inf inf 1.058204831791002665e+00 1.862446261012547177e+00 1.682626006493100901e+00 9.367830383517753434e-01 1.970509889658861757e+00 1.970509889658861757e+00 1.782523851238887458e+00 1.171373084914317797e+00 7.990959098038216135e-01 4.688912416200972100e-01 1.668514830843241370e+00 1.113220798420688329e+00 9.623405052732613152e-01 7.620206094946382347e-01 4.108204205685880295e-01 7.620206094946382347e-01 inf inf 1.359653444795331456e+00 0.000000000000000000e+00 1.526611868521898341e+00 4.211915154979391396e+00 2.297682407155033246e+00
inf inf inf inf inf 7.350474670766449226e-01 2.500663766462835724e+00 2.175618469516324094e+00 2.241779382151509736e+00 2.463502352682084950e+00 2.463502352682084950e+00 3.087520195038621296e+00 2.476369428714051857e+00 1.437313415254110271e+00 1.773887585419831492e+00 1.419029623213429181e-01 1.751438303870977098e+00 1.455332968296484619e+00 2.067016953294372517e+00 1.715816764368322200e+00 1.400238114944926782e+00 inf inf 2.664649788595065516e+00 2.874322773250673091e+00 0.000000000000000000e+00 5.516911498779125012e+00 7.710705386331349054e-01
inf inf inf inf inf 3.629855660235978387e+00 4.434097089457523566e+00 4.254276834938076846e+00 3.508433866796751399e+00 4.542160718103837702e+00 4.542160718103837702e+00 4.354174679683863403e+00 3.743023913359293964e+00 3.370746738248797669e+00 3.040542070065073155e+00 4.240165659288216204e+00 3.684871626865664496e+00 3.533991333718237371e+00 3.333671437939614179e+00 3.794475129790074952e+00 3.333671437939614179e+00 inf inf 3.931304273240307179e+00 4.952981138672425843e+00 4.098262696966873619e+00 0.000000000000000000e+00 4.869333235600008081e+00
inf inf inf inf inf 1.737355679384667173e+00 1.729593227829700819e+00 1.549772973310254542e+00 1.615933885945439741e+00 1.837656856476015399e+00 1.837656856476015399e+00 2.461674698832552188e+00 1.850523932507982305e+00 6.662428766209753661e-01 1.148042089213761718e+00 2.347665678436905878e+00 9.803677652378421925e-01 8.294874720904150678e-01 1.441171457088302743e+00 1.089971268162252649e+00 6.291675763117919873e-01 inf inf 2.038804292388995965e+00 2.248477277044603539e+00 2.205762716115562849e+00 4.891066002573055904e+00 0.000000000000000000e+00
