0.000000000000000000e+00 2.521719758477925399e+00 3.012423391864244238e+00 3.050299374326811197e+00 3.509174524726691224e+00 3.583698793847475361e+00 3.939799474378200550e+00 4.000000000000000000e+00 1.260859879238962700e+00 2.963644788428783095e+00 2.963644788428783095e+00 3.492224404277668892e+00 3.492224404277668892e+00 3.951099554677548920e+00 4.254692762213757362e+00
inf 0.000000000000000000e+00 4.907036333863188382e-01 5.285796158488857976e-01 9.874547662487658251e-01 1.061979035369549962e+00 1.418079715900275151e+00 1.478280241522074601e+00 1.478280241522074601e+00 4.419250299508576396e-01 4.419250299508576396e-01 9.705046457997434928e-01 9.705046457997434928e-01 1.429379796199623520e+00 1.732973003735832407e+00
inf 2.444859993594373115e+00 0.000000000000000000e+00 2.342994886822214740e-01 6.931746390821014181e-01 7.676989082028855549e-01 1.123799588733610744e+00 1.184000114355410194e+00 1.184000114355410194e+00 1.184000114355410194e+00 1.184000114355410194e+00 6.762245186330790858e-01 6.762245186330790858e-01 1.135099669032959113e+00 1.438692876569168000e+00
inf 2.210560504912151281e+00 9.984792291086499461e-01 0.000000000000000000e+00 4.588751503998800274e-01 5.333994195206641642e-01 8.895001000513893530e-01 9.497006256731888030e-01 9.497006256731888030e-01 9.497006256731888030e-01 9.497006256731888030e-01 4.419250299508576396e-01 4.419250299508576396e-01 9.008001803507377225e-01 1.204393387886946609e+00
inf 2.788040566083488159e+00 5.396040787087699186e-01 5.774800611713368781e-01 0.000000000000000000e+00 1.110879480692001042e+00 4.306249496515093256e-01 4.908254752733087756e-01 1.527180686844525681e+00 4.908254752733087756e-01 4.908254752733087756e-01 1.019405091122194573e+00 1.019405091122194573e+00 4.419250299508576396e-01 1.781873449058283487e+00
inf 1.677161085391487338e+00 2.167864718777805955e+00 2.205740701240372914e+00 2.664615851640252941e+00 0.000000000000000000e+00 3.095240801291762267e+00 1.341987936732564890e+00 4.163012061525246388e-01 2.119086115342344812e+00 2.119086115342344812e+00 2.647665731191230609e+00 2.647665731191230609e+00 3.106540881591110637e+00 6.709939683662824450e-01
inf 2.357415616431978833e+00 1.089791290572606486e-01 1.468551115198276080e-01 6.057302619197075799e-01 6.802545310404917167e-01 0.000000000000000000e+00 1.096555737193016355e+00 1.096555737193016355e+00 6.020052562179944999e-02 6.020052562179944999e-02 5.887801414706852476e-01 5.887801414706852476e-01 1.047655291870565275e+00 1.351248499406774162e+00
inf inf inf inf inf inf inf 0.000000000000000000e+00 inf inf inf inf inf inf inf
inf 1.260859879238962700e+00 1.751563512625281538e+00 1.789439495087848497e+00 2.248314645487728303e+00 2.322838914608512439e+00 2.678939595139237628e+00 2.739140120761037078e+00 0.000000000000000000e+00 1.702784909189820395e+00 1.702784909189820395e+00 2.231364525038705970e+00 2.231364525038705970e+00 2.690239675438585998e+00 2.993832882974794884e+00
inf 2.493638597029834258e+00 4.877860343546119859e-02 2.830780921176826448e-01 7.419532425175625612e-01 8.164775116383466980e-01 1.172578192169071887e+00 1.232778717790871337e+00 1.232778717790871337e+00 0.000000000000000000e+00 1.232778717790871337e+00 7.250031220685402289e-01 7.250031220685402289e-01 1.183878272468420256e+00 1.487471480004629143e+00
inf 2.297215090810179383e+00 1.085133815006678049e+00 8.665458589802815803e-02 5.455297362979081299e-01 6.200540054186922667e-01 9.761546859494174555e-01 1.036355211571216905e+00 1.036355211571216905e+00 1.036355211571216905e+00 0.000000000000000000e+00 5.285796158488857976e-01 5.285796158488857976e-01 9.874547662487658251e-01 1.291047973784974712e+00
inf 2.804990686532510935e+00 5.565541991577922509e-01 5.944301816203592104e-01 1.695012044902238779e-02 1.127829601141023375e+00 4.475750701005317134e-01 5.077755957223311079e-01 1.544130807293548013e+00 5.077755957223311079e-01 5.077755957223311079e-01 0.000000000000000000e+00 1.036355211571216905e+00 4.588751503998800274e-01 1.798823569507305820e+00
inf 1.768635474961293808e+00 2.259339108347612424e+00 2.297215090810179383e+00 2.756090241210059411e+00 9.147438956980652458e-02 3.186715190861568736e+00 1.433462326302371359e+00 5.077755957223311079e-01 2.210560504912151281e+00 2.210560504912151281e+00 2.739140120761037078e+00 0.000000000000000000e+00 3.198015271160917106e+00 7.624683579360889141e-01
inf inf inf inf inf inf inf 4.890044532245113595e-02 inf inf inf inf inf 0.000000000000000000e+00 inf
inf inf inf inf inf inf inf 6.709939683662824450e-01 inf inf inf inf inf inf 0.000000000000000000e+00
