(33, 35, 38, 39, 56, 57): 73
(43, 51): 69
(10, 50): 63
(51, 58, 59): 62
(33, 35, 38, 39, 43, 51, 56, 57): 62
(43, 51, 58, 59): 60
(33, 35, 38, 39, 43, 51, 56, 57, 58, 59): 56
(50, 58, 59): 53
(10, 50, 58, 59): 48
(34, 54, 55): 46
(10, 33, 35, 38, 39, 43, 50, 51, 56, 57, 58, 59): 42
(34, 37): 41
(34, 37, 54, 55): 37
(34, 46, 48, 49, 54, 55): 35
(35, 37): 34
(33, 35, 37, 38, 39, 56, 57): 32
(34, 37, 46, 48, 49, 54, 55): 31
(46, 48, 49, 50): 31
(19, 34, 54, 55): 29
(10, 46, 48, 49, 50): 27
(33, 35, 37, 38, 39, 43, 51, 56, 57): 27
(46, 48, 49, 50, 58, 59): 26
(19, 34, 46, 48, 49, 54, 55): 25
(19, 34, 37, 54, 55): 25
(33, 35, 37, 38, 39, 43, 51, 56, 57, 58, 59): 24
(10, 46, 48, 49, 50, 58, 59): 24
(19, 34, 37, 46, 48, 49, 54, 55): 23
(10, 33, 35, 37, 38, 39, 43, 50, 51, 56, 57, 58, 59): 21
(10, 33, 35, 38, 39, 43, 46, 48, 49, 50, 51, 56, 57, 58, 59): 21
(10, 33, 35, 37, 38, 39, 43, 46, 48, 49, 50, 51, 56, 57, 58, 59): 17
(10, 19, 33, 34, 35, 37, 38, 39, 43, 46, 48, 49, 50, 51, 54, 55, 56, 57, 58, 59): 13
