((10, 33, 35, 38, 39, 43, 50, 51, 56, 57, 58, 59), (10, 50)): 12
((10, 19, 33, 34, 35, 37, 38, 39, 43, 46, 48, 49, 50, 51, 54, 55, 56, 57, 58, 59), (10, 33, 35, 38, 39, 43, 50, 51, 56, 57, 58, 59)): 10
((10, 33, 35, 38, 39, 43, 50, 51, 56, 57, 58, 59), (33, 35, 38, 39, 43, 51, 56, 57, 58, 59)): 10
((10,), (10, 50)): 9
((33, 35, 38, 39, 43, 51, 56, 57, 58, 59), (33, 35, 38, 39, 56, 57)): 8
((10, 19, 33, 34, 35, 37, 38, 39, 43, 46, 48, 49, 50, 51, 54, 55, 56, 57, 58, 59), (19, 34, 37, 46, 48, 49, 54, 55)): 7
((19, 34, 37, 46, 48, 49, 54, 55), (34, 37, 46, 48, 49, 54, 55)): 7
((19,), (19, 34, 37, 46, 48, 49, 54, 55)): 6
((33, 35, 38, 39, 43, 51, 56, 57, 58, 59), (43, 51, 58, 59)): 6
((34, 37, 46, 48, 49, 54, 55), (46, 48, 49)): 5
((33, 35, 38, 39, 56, 57), (33, 38, 39, 56, 57)): 5
((33, 35, 37, 38, 39, 56, 57), (33, 38, 39, 56, 57)): 5
((10, 50), (50,)): 5
((34, 37), (34, 37, 54, 55)): 4
((34, 37, 46, 48, 49, 54, 55), (34, 37, 54, 55)): 4
((10, 33, 35, 37, 38, 39, 43, 50, 51, 56, 57, 58, 59), (10, 50)): 4
((10, 33, 35, 38, 39, 43, 46, 48, 49, 50, 51, 56, 57, 58, 59), (33, 35, 38, 39, 43, 51, 56, 57, 58, 59)): 4
((10, 19, 33, 34, 35, 37, 38, 39, 43, 46, 48, 49, 50, 51, 54, 55, 56, 57, 58, 59), (10, 33, 35, 37, 38, 39, 43, 46, 48, 49, 50, 51, 56, 57, 58, 59)): 4
((34,), (34, 54, 55)): 3
((34,), (34, 37)): 3
((33, 35, 37, 38, 39, 43, 51, 56, 57, 58, 59), (43, 51, 58, 59)): 3
((10,), (10, 46, 48, 49, 50)): 3
((43,), (43, 51, 58, 59)): 3
((43,), (43, 51)): 3
((50,), (50, 58, 59)): 3
((10,), (10, 46, 48, 49, 50, 58, 59)): 3
((33, 35, 37, 38, 39, 43, 51, 56, 57), (33, 35, 37, 38, 39, 56, 57)): 3
((10,), (10, 50, 58, 59)): 3
((33, 35, 38, 39, 43, 51, 56, 57), (33, 35, 38, 39, 56, 57)): 3
((33, 35, 38, 39, 56, 57), (35,)): 2
((35,), (35, 37)): 2
((34, 46, 48, 49, 54, 55), (46, 48, 49)): 2
((19,), (19, 34, 46, 48, 49, 54, 55)): 2
((46, 48, 49, 50), (50,)): 2
((19,), (19, 34, 37, 54, 55)): 2
((43, 51, 58, 59), (51, 58, 59)): 2
((19,), (19, 34, 54, 55)): 2
((46, 48, 49), (46, 48, 49, 50, 58, 59)): 2
((35, 37), (37,)): 1
((34, 37), (37,)): 1
((34, 54, 55), (54, 55)): 1
((34, 37, 54, 55), (54, 55)): 1
((34, 46, 48, 49, 54, 55), (34, 54, 55)): 1
((10, 19, 33, 34, 35, 37, 38, 39, 43, 46, 48, 49, 50, 51, 54, 55, 56, 57, 58, 59), (19, 34, 46, 48, 49, 54, 55)): 1
((19, 34, 46, 48, 49, 54, 55), (34, 46, 48, 49, 54, 55)): 1
((33, 35, 37, 38, 39, 56, 57), (35, 37)): 1
((33, 35, 37, 38, 39, 43, 51, 56, 57, 58, 59), (33, 35, 37, 38, 39, 56, 57)): 1
((10, 19, 33, 34, 35, 37, 38, 39, 43, 46, 48, 49, 50, 51, 54, 55, 56, 57, 58, 59), (10, 33, 35, 37, 38, 39, 43, 50, 51, 56, 57, 58, 59)): 1
((10, 33, 35, 37, 38, 39, 43, 50, 51, 56, 57, 58, 59), (33, 35, 37, 38, 39, 43, 51, 56, 57, 58, 59)): 1
((46, 48, 49), (46, 48, 49, 50)): 1
((19, 34, 37, 54, 55), (34, 37, 54, 55)): 1
((10, 19, 33, 34, 35, 37, 38, 39, 43, 46, 48, 49, 50, 51, 54, 55, 56, 57, 58, 59), (19, 34, 37, 54, 55)): 1
((10, 46, 48, 49, 50), (46, 48, 49, 50)): 1
((10, 19, 33, 34, 35, 37, 38, 39, 43, 46, 48, 49, 50, 51, 54, 55, 56, 57, 58, 59), (10, 33, 35, 38, 39, 43, 46, 48, 49, 50, 51, 56, 57, 58, 59)): 1
((10, 33, 35, 38, 39, 43, 46, 48, 49, 50, 51, 56, 57, 58, 59), (10, 46, 48, 49, 50)): 1
((43, 51), (51,)): 1
((51,), (51, 58, 59)): 1
((50, 58, 59), (58, 59)): 1
((51, 58, 59), (58, 59)): 1
((10, 19, 33, 34, 35, 37, 38, 39, 43, 46, 48, 49, 50, 51, 54, 55, 56, 57, 58, 59), (19, 34, 54, 55)): 1
((19, 34, 54, 55), (34, 54, 55)): 1
((46, 48, 49, 50, 58, 59), (50, 58, 59)): 1
((10, 33, 35, 38, 39, 43, 46, 48, 49, 50, 51, 56, 57, 58, 59), (10, 46, 48, 49, 50, 58, 59)): 1
((10, 46, 48, 49, 50, 58, 59), (46, 48, 49, 50, 58, 59)): 1
((10, 33, 35, 37, 38, 39, 43, 50, 51, 56, 57, 58, 59), (33, 35, 37, 38, 39, 43, 51, 56, 57)): 1
((33, 35, 37, 38, 39, 43, 51, 56, 57), (43, 51)): 1
((10, 33, 35, 37, 38, 39, 43, 46, 48, 49, 50, 51, 56, 57, 58, 59), (33, 35, 37, 38, 39, 43, 51, 56, 57, 58, 59)): 1
((10, 33, 35, 37, 38, 39, 43, 46, 48, 49, 50, 51, 56, 57, 58, 59), (10, 46, 48, 49, 50)): 1
((10, 33, 35, 37, 38, 39, 43, 46, 48, 49, 50, 51, 56, 57, 58, 59), (10, 46, 48, 49, 50, 58, 59)): 1
((10, 33, 35, 37, 38, 39, 43, 46, 48, 49, 50, 51, 56, 57, 58, 59), (33, 35, 37, 38, 39, 43, 51, 56, 57)): 1
((10, 33, 35, 38, 39, 43, 50, 51, 56, 57, 58, 59), (10, 50, 58, 59)): 1
((10, 33, 35, 37, 38, 39, 43, 50, 51, 56, 57, 58, 59), (10, 50, 58, 59)): 1
((10, 50, 58, 59), (50, 58, 59)): 1
((10, 33, 35, 38, 39, 43, 50, 51, 56, 57, 58, 59), (33, 35, 38, 39, 43, 51, 56, 57)): 1
((10, 33, 35, 38, 39, 43, 46, 48, 49, 50, 51, 56, 57, 58, 59), (33, 35, 38, 39, 43, 51, 56, 57)): 1
((33, 35, 38, 39, 43, 51, 56, 57), (43, 51)): 1
