0.000000000000000000e+00 2.456483277868941162e+00 2.891588477149686476e+00 3.489496641989926484e+00 3.254289552455874812e+00 3.066932228210032640e+00 3.518266262506299924e+00 4.000000000000000000e+00 3.504330767647366507e+00 3.504330767647366507e+00 3.723863408670601949e+00 3.536506084424759777e+00 3.987840118721027061e+00 1.228241638934470581e+00 2.972989959929433823e+00 4.378672940309560779e+00 3.973904623862093644e+00 3.973904623862093644e+00 3.973904623862093644e+00
inf 0.000000000000000000e+00 4.351051992807453139e-01 1.033013364120985322e+00 7.978062745869340944e-01 6.104489503410914786e-01 1.061782984637359206e+00 1.543516722131058838e+00 1.047847489778425345e+00 1.047847489778425345e+00 1.267380130801661009e+00 1.080022806555818393e+00 1.531356840852086121e+00 inf 5.165066820604926612e-01 1.922189662440619840e+00 1.517421345993152260e+00 1.517421345993152260e+00 1.517421345993152260e+00
inf inf 0.000000000000000000e+00 inf 3.627010753061887804e-01 1.753437510603461646e-01 6.266777853566138923e-01 1.108411522850313524e+00 inf inf 8.322749315209156951e-01 6.449176072750730793e-01 1.096251641571340807e+00 inf inf 1.487084463159874526e+00 inf inf inf
inf inf inf 0.000000000000000000e+00 inf inf inf 8.988560445188279457e-01 1.483412565744002265e-02 1.483412565744002265e-02 5.216481165154575050e-01 5.105033580100735158e-01 inf inf inf inf 4.844079818721669373e-01 4.844079818721669373e-01 4.844079818721669373e-01
inf inf inf inf 0.000000000000000000e+00 inf inf 8.467817842180973553e-01 inf inf 4.695738562147269146e-01 inf inf inf inf inf inf inf inf
inf inf inf inf inf 0.000000000000000000e+00 4.513340342962677276e-01 9.330677717899673596e-01 inf inf inf 4.695738562147269146e-01 9.209078905109946422e-01 inf inf 1.311740712099528361e+00 inf inf inf
inf inf inf inf inf inf 0.000000000000000000e+00 2.184307271181761934e+00 inf inf inf 1.720813355606521267e+00 4.695738562147269146e-01 inf inf 8.604066778032606333e-01 inf inf inf
inf inf inf inf inf inf inf 0.000000000000000000e+00 inf inf inf inf inf inf inf inf inf inf inf
inf inf inf inf inf inf inf 8.914006531654999899e-01 0.000000000000000000e+00 inf 5.141927251621295492e-01 inf inf inf inf inf 4.695738562147269146e-01 inf inf
inf inf inf inf inf inf inf 8.840219188613879231e-01 inf 0.000000000000000000e+00 5.068139908580174824e-01 4.956692323526334931e-01 inf inf inf inf inf 4.695738562147269146e-01 4.695738562147269146e-01
inf inf inf inf inf inf inf 3.772079280033704407e-01 inf inf 0.000000000000000000e+00 inf inf inf inf inf inf inf inf
inf inf inf inf inf inf inf 4.634939155752404449e-01 inf inf inf 0.000000000000000000e+00 inf inf inf inf inf inf inf
inf inf inf inf inf inf inf inf inf inf inf inf 0.000000000000000000e+00 inf inf inf inf inf inf
inf 1.228241638934470581e+00 1.663346838215215895e+00 2.261255003055455681e+00 2.026047913521404453e+00 1.838690589275562060e+00 2.290024623571829565e+00 2.771758361065529641e+00 2.276089128712896148e+00 2.276089128712896148e+00 2.495621769736131590e+00 2.308264445490288974e+00 2.759598479786556702e+00 0.000000000000000000e+00 1.744748320994963242e+00 3.150431301375090420e+00 2.745662984927622841e+00 2.745662984927622841e+00 2.745662984927622841e+00
inf inf inf 5.165066820604926612e-01 inf inf inf 1.415362726579320718e+00 5.313408077179326838e-01 5.313408077179326838e-01 1.038154798575950277e+00 1.027010040070566177e+00 inf inf 0.000000000000000000e+00 inf 1.000914663932659598e+00 1.000914663932659598e+00 1.000914663932659598e+00
inf inf inf inf inf inf inf 1.323900593378501078e+00 inf inf inf 8.604066778032606333e-01 inf inf inf 0.000000000000000000e+00 inf inf inf
inf inf inf inf inf inf inf 4.218267969507730752e-01 inf inf 4.461886894740263454e-02 inf inf inf inf inf 0.000000000000000000e+00 inf inf
inf inf inf inf inf inf inf 4.895892917131470234e-01 inf inf inf 2.609537613790657851e-02 inf inf inf inf inf 0.000000000000000000e+00 inf
inf inf inf inf inf inf inf 4.144480626466610085e-01 inf inf 3.724013464329056777e-02 inf inf inf inf inf inf inf 0.000000000000000000e+00
