0.000000000000000000e+00 1.277689599240915685e-01 3.429237708867301393e+00 2.176930854780565028e+00 2.250985041217575144e+00 3.546794414025472797e+00 2.838731372540967968e+00 3.607567684143733189e+00 3.546794414025472797e+00 3.960356936566762798e+00 4.000000000000000888e+00 6.706851668436210723e+00 7.099283984292477534e+00 1.778503334395696411e+00 2.898889727621523971e+00 2.648602442640325627e+00 3.944411815448223724e+00 4.361431061700502099e+00 1.152349907352328451e+00 5.126823041230841760e+00 3.944411815448224168e+00 5.446564511039746037e+00 4.357974337989513280e+00 7.155971265207767829e+00 4.973925213735462592e+00
inf 0.000000000000000000e+00 3.301468748943209519e+00 2.049161894856473598e+00 2.123216081293483271e+00 3.419025454101380923e+00 2.710962412616876094e+00 3.479798724219641315e+00 3.419025454101381367e+00 3.832587976642670924e+00 3.872231040075909014e+00 6.579082708512118849e+00 6.971515024368385660e+00 1.650734374471604760e+00 2.771120767697432541e+00 2.520833482716233753e+00 3.816642855524132294e+00 4.233662101776410225e+00 1.024580947428236799e+00 4.999054081306749886e+00 3.816642855524132294e+00 5.318795551115654163e+00 4.230205378065421407e+00 7.028202305283675955e+00 4.846156253811370718e+00
inf inf 0.000000000000000000e+00 inf inf 4.729000847446474864e+00 4.310868154376406025e+00 1.783299752764317958e-01 1.175567051581718481e-01 5.142563369987765753e+00 5.707622911326990511e-01 3.917096899186717884e+00 4.309529215042984696e+00 5.707622911326990511e-01 4.081096161042526482e+00 4.120739224475764573e+00 5.126618248869226235e+00 2.129713068159479139e+00 inf 6.309029474651843827e+00 5.151741065809225528e-01 2.017326802172444644e+00 5.540180771410515348e+00 4.366216495958274990e+00 6.156131647156463771e+00
inf inf inf 0.000000000000000000e+00 7.405418643700967252e-02 1.369863559244907769e+00 6.618005177604024958e-01 inf inf 1.783426081786197326e+00 inf 4.529920813655645695e+00 4.922353129511912506e+00 inf 7.219588728409587208e-01 4.716715878597603773e-01 1.767480960667658474e+00 2.184500206919937071e+00 inf 2.949892186450276732e+00 inf inf 2.181043483208948253e+00 4.979040410427202801e+00 2.796994358954896676e+00
inf inf inf inf 0.000000000000000000e+00 1.295809372807898097e+00 5.877463313233928233e-01 inf inf 1.709371895349187653e+00 inf 4.455866627218635578e+00 4.848298943074902390e+00 inf 6.479046864039490483e-01 3.976174014227507048e-01 1.693426774230648801e+00 2.110446020482926954e+00 inf 2.875838000013266615e+00 inf inf 2.106989296771938136e+00 4.904986223990192684e+00 2.722940172517887447e+00
inf inf inf inf inf 0.000000000000000000e+00 2.995791733891956632e+00 inf inf 4.135625225412895567e-01 inf 3.160057254410737482e+00 3.552489570267004737e+00 inf 2.766019740558076201e+00 2.805662803991314291e+00 3.976174014227507048e-01 8.146366476750291907e-01 inf 1.580028627205368741e+00 inf inf 8.111799239640402615e-01 3.609176851182294143e+00 4.841055226672014378e+00
inf inf inf inf inf inf 0.000000000000000000e+00 inf inf inf inf inf inf inf inf inf inf inf inf inf inf inf inf inf inf
inf inf 2.043166690327872015e+00 inf inf 4.550670872170043069e+00 4.132538179099974229e+00 0.000000000000000000e+00 2.160723395486043863e+00 4.964233394711333958e+00 2.613928981460571066e+00 5.960263589514590343e+00 6.352695905370857155e+00 3.924323158562672553e-01 3.902766185766094686e+00 3.942409249199332333e+00 4.948288273592794440e+00 1.951383092883047343e+00 inf 6.130699499375412032e+00 2.558340796908794790e+00 4.060493492500317103e+00 5.361850796134083552e+00 6.409383186286147449e+00 5.977801671880031975e+00
inf inf inf inf inf 5.345684073975608186e+00 4.927551380905539347e+00 inf 0.000000000000000000e+00 5.759246596516898187e+00 4.532055859745272031e-01 3.799540194028546036e+00 4.191972509884813292e+00 inf 4.697779387571659804e+00 4.737422451004897006e+00 5.743301475398359557e+00 6.160320721650638376e+00 inf 6.925712701180977149e+00 3.976174014227507048e-01 1.899770097014273018e+00 6.156863997939648669e+00 4.248659790800102698e+00 6.772814873685597981e+00
inf inf inf inf inf 3.000361904420735470e+00 2.582229211350666631e+00 inf inf 0.000000000000000000e+00 inf 6.160419158831473396e+00 6.552851474687740208e+00 inf 2.352457218016787088e+00 2.392100281450024291e+00 3.964306343323764636e-02 4.010741251337396340e-01 inf 4.580390531626104433e+00 inf inf 3.976174014227507048e-01 6.609538755603030502e+00 4.427492704130724377e+00
inf inf inf inf inf inf inf inf inf inf 0.000000000000000000e+00 inf inf inf inf inf inf inf inf inf inf inf inf inf inf
inf inf inf inf inf 1.546143879947063038e+00 1.128011186876993754e+00 inf inf 1.959706402488352595e+00 inf 0.000000000000000000e+00 3.924323158562672553e-01 inf 8.982391935431139895e-01 9.378822569763516359e-01 1.943761281369813965e+00 2.360780527622092340e+00 inf 3.126172507152432001e+00 inf inf 2.357323803911103521e+00 4.491195967715569948e-01 2.973274679657052388e+00
inf inf inf inf inf inf inf inf inf inf inf inf 0.000000000000000000e+00 inf inf inf inf inf inf inf inf inf inf inf inf
inf inf 1.650734374471604760e+00 inf inf 6.379735221918080512e+00 5.961602528848011673e+00 1.829064349748036555e+00 1.768291079629776608e+00 6.793297744459369625e+00 2.221496665604304255e+00 5.567831273658322644e+00 5.960263589514589455e+00 0.000000000000000000e+00 5.731830535514131242e+00 5.771473598947368444e+00 6.777352623340830995e+00 3.780447442631083899e+00 inf 7.959763849123449475e+00 2.165908481052527534e+00 3.668061176644049404e+00 7.190915145882120996e+00 6.016950870429878862e+00 7.806866021628069419e+00
inf inf inf inf inf 6.479046864039490483e-01 2.297719933338797649e-01 inf inf 1.061467208945238605e+00 inf 3.807961940814686308e+00 4.200394256670954007e+00 inf 0.000000000000000000e+00 3.964306343323764636e-02 1.045522087826699753e+00 1.462541334078978128e+00 inf 2.227933313609317789e+00 inf inf 1.459084610367989310e+00 4.257081537586243414e+00 2.075035486113938177e+00
inf inf inf inf inf inf 1.901289299006421185e-01 inf inf inf inf inf inf inf inf 0.000000000000000000e+00 inf inf inf inf inf inf inf inf inf
inf inf inf inf inf 3.016307025539274544e+00 2.598174332469205705e+00 inf inf 1.594512111853885195e-02 inf 6.176364279950012914e+00 6.568796595806279726e+00 inf 2.368402339135325718e+00 2.408045402568563365e+00 0.000000000000000000e+00 4.170192462522784860e-01 inf 4.596335652744643951e+00 inf inf 4.135625225412895567e-01 6.625483876721569132e+00 4.443437825249263895e+00
inf inf inf inf inf 2.599287779286996170e+00 2.181155086216927330e+00 inf inf 3.012850301828286170e+00 inf 5.759345033697734095e+00 6.151777349554000907e+00 inf 1.951383092883047343e+00 1.991026156316284990e+00 2.996905180709747096e+00 0.000000000000000000e+00 inf 4.179316406492365132e+00 inf inf 3.410467703251036653e+00 6.208464630469290313e+00 4.026418578996985076e+00
inf inf inf 1.024580947428236799e+00 1.098635133865246472e+00 2.394444506673144346e+00 1.686381465188639295e+00 inf inf 2.808007029214434347e+00 inf 5.554501761083882272e+00 5.946934076940149083e+00 inf 1.746539820269195520e+00 1.496252535287997176e+00 2.792061908095895273e+00 3.209081154348173648e+00 0.000000000000000000e+00 3.974473133878513309e+00 inf inf 3.205624430637184830e+00 6.003621357855438490e+00 3.821575306383133697e+00
inf inf inf inf inf 3.126172507152431557e+00 2.708039814082362273e+00 inf inf 3.539735029693721557e+00 inf 1.580028627205368741e+00 1.972460943061635996e+00 inf 2.478267820748482730e+00 2.517910884181720377e+00 3.523789908575182483e+00 3.940809154827460858e+00 inf 0.000000000000000000e+00 inf inf 3.937352431116472040e+00 2.029148223976925625e+00 4.553303306862421351e+00
inf inf inf inf inf inf inf inf inf inf 5.558818455177649831e-02 inf inf inf inf inf inf inf inf inf 0.000000000000000000e+00 inf inf inf inf
inf inf inf inf inf 3.445913976961335834e+00 3.027781283891266551e+00 inf inf 3.859476499502625835e+00 inf 1.899770097014273018e+00 2.292202412870540051e+00 inf 2.798009290557387008e+00 2.837652353990624654e+00 3.843531378384086761e+00 4.260550624636365136e+00 inf 5.025942604166704797e+00 inf 0.000000000000000000e+00 4.257093900925376317e+00 2.348889693785829902e+00 4.873044776671324740e+00
inf inf inf inf inf 2.602744502997984988e+00 2.184611809927916148e+00 inf inf 3.016307025539274989e+00 inf 5.762801757408722914e+00 6.155234073264989725e+00 inf 1.954839816594036161e+00 1.994482880027273808e+00 3.000361904420735915e+00 3.456723710988929277e-03 inf 4.182773130203353951e+00 inf inf 0.000000000000000000e+00 6.211921354180280019e+00 4.029875302707973894e+00
inf inf inf inf inf 1.097024283175505932e+00 6.788915901054367597e-01 inf inf 1.510586805716795711e+00 inf 4.257081537586243414e+00 4.649513853442511113e+00 inf 4.491195967715569948e-01 4.887626602047946411e-01 1.494641684598256859e+00 1.911660930850535234e+00 inf 2.677052910380874895e+00 inf inf 1.908204207139546416e+00 0.000000000000000000e+00 2.524155082885495283e+00
inf inf inf inf inf 4.674323265400934346e+00 4.256190572330865507e+00 inf inf 5.087885787942224347e+00 inf 7.834380519811672272e+00 8.226812835667939083e+00 inf 4.026418578996985076e+00 4.066061642430223166e+00 5.071940666823685717e+00 2.075035486113938177e+00 inf 6.254351892606303309e+00 inf inf 5.485503189364974830e+00 8.283500116583228490e+00 0.000000000000000000e+00
