0.000000000000000000e+00 2.212142363935092615e-01 1.860112627723650824e+00 2.650955656505416869e+00 2.932628905520507701e+00 3.081765802795930931e+00 2.970831232104557351e+00 2.970831232104557351e+00 3.296057178112548947e+00 3.418690235130208421e+00 3.204070332343377459e+00 1.596022734249033181e+00 2.334661783118129996e+00 3.612517755180175261e+00 2.628753922665150178e+00 4.000000000000000000e+00 1.861783085357251011e+00 1.040663432058580140e+00 2.797176138307716720e+00 3.688670213764054573e+00 3.893239390524687593e+00 3.921611568511212731e+00 5.016878670231749382e+00 2.973589769149152851e+00 3.203332497182311833e+00
inf 0.000000000000000000e+00 1.638898391330141591e+00 2.429741420111907413e+00 2.711414669126998245e+00 2.860551566402421475e+00 2.749616995711047895e+00 2.749616995711047895e+00 3.074842941719039935e+00 3.197475998736698966e+00 2.982856095949868003e+00 1.374808497855523948e+00 2.113447546724620985e+00 3.391303518786665805e+00 2.407539686271641166e+00 3.778785763606490988e+00 1.640568848963741777e+00 8.194491956650707953e-01 2.575961901914207264e+00 3.467455977370545561e+00 3.672025154131178581e+00 3.700397332117703275e+00 4.795664433838239482e+00 2.752375532755643395e+00 2.982118260788802377e+00
inf inf 0.000000000000000000e+00 7.908430287817660442e-01 1.072516277796856876e+00 1.221653175072279662e+00 3.248935519023655516e+00 1.110718604380906527e+00 3.574161465031647111e+00 1.558577607406557597e+00 1.343957704619726634e+00 1.874127021168131346e+00 4.745491553944793384e-01 1.752405127456524436e+00 7.686412949414995754e-01 2.139887372276349176e+00 1.917798443975821776e+00 inf 9.370635105840656731e-01 1.828557586040403971e+00 2.033126762801036769e+00 2.061498940787561907e+00 5.294982957150847547e+00 1.113477141425501804e+00 1.343219869458660565e+00
inf inf inf 0.000000000000000000e+00 2.816732490150908319e-01 4.308101462905136181e-01 3.662640226659495291e+00 3.198755755991404826e-01 3.987866172667486886e+00 7.677345786247915527e-01 5.531146758379605899e-01 2.287831728803971121e+00 7.955080639241298712e-01 1.755553538918135370e+00 1.089600203471150053e+00 1.349044343494583131e+00 2.238757352505472475e+00 inf inf 1.037714557258637926e+00 1.242283734019270947e+00 1.270655912005795862e+00 5.708687664786687321e+00 1.434436049955152281e+00 1.664178777988311264e+00
inf inf inf 8.301286882963256897e-01 0.000000000000000000e+00 1.260938834586839308e+00 3.380966977644404459e+00 3.820232658404965065e-02 3.706192923652396054e+00 4.860613296097007208e-01 1.383243364134286280e+00 2.006158479788880289e+00 5.138348149090390393e-01 1.473880289903044538e+00 8.079269544560592209e-01 1.067371094479492299e+00 1.957084103490381644e+00 inf inf 7.560413082435470944e-01 9.606104850041801146e-01 2.100784600302121774e+00 5.427014415771596489e+00 1.152762800940061449e+00 1.382505528973220432e+00
inf inf inf inf inf 0.000000000000000000e+00 3.744364870462030481e+00 inf 4.069590816470022077e+00 inf 1.223045295474469718e-01 2.396463050665642136e+00 inf 1.557387001883117517e+00 1.198231525332821068e+00 6.261773688568913698e+00 2.347388674367143491e+00 inf inf inf inf 8.398457657152822442e-01 5.817318986648357892e+00 inf 1.772810099849982279e+00
inf inf inf inf inf inf 0.000000000000000000e+00 inf 3.252259460079920395e-01 inf inf 3.574741557911930823e+00 inf 5.034817636213766434e+00 inf 2.517408818106883217e+00 1.949983751959961431e+00 inf inf inf inf inf 6.995597493894647023e+00 inf inf
inf inf inf 7.919263617122760390e-01 1.073599610727366871e+00 1.222736508002789657e+00 3.342764651060354808e+00 0.000000000000000000e+00 3.667990597068346403e+00 4.478590030256510701e-01 1.345041037550236629e+00 1.967956153204830638e+00 4.756324883249893887e-01 1.435677963318994887e+00 7.697246278720095702e-01 1.029168767895442649e+00 1.918881776906331993e+00 inf inf 7.178389816594974437e-01 9.224081584201304640e-01 2.062582273718072123e+00 5.388812089187546839e+00 1.114560474356011799e+00 1.344303202389170782e+00
inf inf inf inf inf inf 4.624324109759463397e+00 inf 0.000000000000000000e+00 inf inf 3.249515611903938783e+00 inf 9.659141745973228055e+00 inf 7.141732927866344838e+00 1.624757805951969392e+00 inf inf inf inf inf 6.670371547886654540e+00 inf inf
inf inf inf 3.440673586866250244e-01 6.257406077017158008e-01 7.748775049771385870e-01 2.894905648034703738e+00 6.639429342857654515e-01 3.220131594042695333e+00 0.000000000000000000e+00 8.971820345245855588e-01 1.520097150179179568e+00 2.777348529933831855e-02 1.305629457361383361e+00 3.218656248463585001e-01 5.813097648697915787e-01 1.471022773880680701e+00 inf inf 1.381781915945262895e+00 4.745491553944793384e-01 1.614723270692420831e+00 4.940953086161895769e+00 6.667014713303608398e-01 8.964441993635196004e-01
inf inf inf inf inf inf 3.622060340914583509e+00 inf 3.947286286922575549e+00 inf 0.000000000000000000e+00 7.196801898826515220e+00 inf 1.435082472335670545e+00 inf 6.139469159021466282e+00 5.572044092874545385e+00 inf inf inf inf 7.175412361678352724e-01 1.061765783480923275e+01 inf inf
inf inf inf inf inf inf 1.374808497855523948e+00 inf 1.700034443863515987e+00 inf inf 0.000000000000000000e+00 inf 6.409626134069290160e+00 inf 3.892217315962406943e+00 2.657603511082178294e-01 inf inf inf inf inf 3.420855935982715756e+00 inf inf
inf inf inf 3.162938733872867059e-01 5.979671224023774823e-01 7.471040196778002684e-01 2.867132162735365419e+00 6.361694489864271329e-01 3.192358108743357015e+00 1.084028452012078203e+00 8.694085492252472402e-01 1.492323664879841250e+00 0.000000000000000000e+00 1.277855972062045042e+00 2.940921395470201816e-01 1.665338216881869782e+00 1.443249288581342382e+00 inf inf 1.354008430645924577e+00 1.558577607406557597e+00 1.586949785393082513e+00 4.913179600862557450e+00 6.389279860310225212e-01 8.686707140641812819e-01
inf inf inf inf inf inf 2.186977868578912965e+00 inf 2.512203814586905004e+00 inf inf 5.761719426490843787e+00 inf 0.000000000000000000e+00 inf 4.704386686685795738e+00 4.136961620538874840e+00 inf inf inf inf inf 9.182575362473560432e+00 inf inf
inf inf inf inf inf inf 2.573040023188345238e+00 inf 2.898265969196336833e+00 inf inf 1.198231525332821068e+00 inf 7.607857659402110784e+00 0.000000000000000000e+00 5.090448841295227567e+00 1.149157149034322201e+00 inf inf inf inf inf 4.619087461315537269e+00 inf 5.745785745171611003e-01
inf inf inf inf inf inf 4.704386686685795738e+00 inf 5.029612632693788221e+00 inf inf 8.279128244597727004e+00 inf 2.517408818106883217e+00 inf 0.000000000000000000e+00 6.654370438645758057e+00 inf inf inf inf inf 1.169998418058044365e+01 inf inf
inf inf inf inf inf inf 2.999566303807493561e+00 inf 3.324792249815485157e+00 inf inf 1.624757805951969392e+00 inf 8.034383940021259107e+00 inf 5.516975121914375890e+00 0.000000000000000000e+00 inf inf inf inf inf 5.045613741934685592e+00 inf inf
inf inf 8.194491956650707953e-01 1.610292224446836729e+00 1.891965473461927560e+00 2.041102370737350569e+00 4.068384714688725978e+00 1.930167800045977211e+00 4.393610660696717574e+00 2.378026803071628059e+00 2.163406900284797096e+00 2.693576216833202253e+00 1.293998351059550078e+00 2.571854323121594899e+00 1.588090490606570260e+00 2.959336567941420082e+00 2.737247639640892682e+00 0.000000000000000000e+00 1.756512706249136357e+00 2.648006781705474655e+00 2.852575958466107675e+00 2.880948136452632369e+00 6.114432152815918009e+00 1.932926337090572488e+00 2.162669065123731471e+00
inf inf inf inf inf inf 2.311872008439589621e+00 inf 2.637097954447581660e+00 inf inf 9.370635105840656731e-01 inf 7.346689644653356055e+00 inf 4.829280826546472838e+00 1.202823861692283502e+00 inf 0.000000000000000000e+00 inf inf inf 4.357919446566781652e+00 inf inf
inf inf inf inf inf inf 2.904816850238410630e+00 inf 3.230042796246402226e+00 inf inf 6.479558408150341009e+00 inf 7.178389816594974437e-01 inf 5.422225668345292959e+00 4.854800602198372061e+00 inf inf 0.000000000000000000e+00 inf inf 9.900414344133057654e+00 inf inf
inf inf inf inf inf inf 4.811147296161108144e+00 inf 5.136373242169100628e+00 inf inf 8.385888854073039411e+00 inf 2.624169427582195624e+00 inf 1.067606094753122403e-01 6.761131048121070464e+00 inf inf inf 0.000000000000000000e+00 inf 1.180674479005575606e+01 inf inf
inf inf inf inf inf inf 2.904519104746748237e+00 inf 3.229745050754740276e+00 inf inf 6.479260662658679948e+00 inf 7.175412361678352724e-01 inf 5.421927922853631010e+00 4.854502856706710112e+00 inf inf inf inf 0.000000000000000000e+00 9.900116598641396592e+00 inf inf
inf inf inf inf inf inf 8.125242622668512382e+00 inf 8.450468568676503978e+00 inf inf 1.169998418058044365e+01 inf 5.938264754089598974e+00 inf 3.420855935982715756e+00 1.007522637462847470e+01 inf inf inf inf inf 0.000000000000000000e+00 inf inf
inf inf inf inf inf inf 2.825905854609935375e+00 inf 3.151131800617927414e+00 inf inf 6.400647412521866642e+00 inf 6.389279860310225212e-01 inf 5.343314672716818592e+00 4.775889606569897694e+00 inf inf inf inf inf 9.821503348504583286e+00 0.000000000000000000e+00 inf
inf inf inf inf inf inf 3.574144878324654773e+00 inf 3.899370824332646368e+00 inf inf 2.199336380469130603e+00 inf 8.608962514538420763e+00 inf 6.091553696431536657e+00 5.745785745171611003e-01 inf inf inf inf inf 5.620192316451846359e+00 inf 0.000000000000000000e+00
