0.000000000000000000e+00 9.582105576853701401e-02 5.602166851085845778e-01 6.069765804243782981e-01 6.069765804243782981e-01 2.065938784287835617e+00 1.504676116558011589e+00 1.624472328616122896e+00 2.874513775386421610e+00 1.313077734698210097e+00 1.350628496954976221e+00 2.809590700818433540e+00 2.368124245146720597e+00 1.907324268498395092e+00 2.056729651228808020e+00 1.350628496954976221e+00 1.523501150039796581e+00 4.950402366677648658e+00 3.136771811697768975e+00 3.992116390013513261e+00
inf 0.000000000000000000e+00 4.643956293400475777e-01 5.111555246558412424e-01 5.111555246558412424e-01 1.970117728519298561e+00 1.408855060789474534e+00 1.528651272847585840e+00 2.778692719617884777e+00 1.217256678929673042e+00 1.254807441186439165e+00 2.713769645049896262e+00 2.272303189378183763e+00 1.811503212729858037e+00 1.960908595460270964e+00 1.254807441186439165e+00 1.427680094271259748e+00 4.854581310909111380e+00 3.040950755929231697e+00 3.896295334244975983e+00
inf inf 0.000000000000000000e+00 inf 4.675989531579372027e-02 1.505722099179251039e+00 inf 1.064255643507538318e+00 2.314297090277837476e+00 7.528610495896255195e-01 7.904118118463916431e-01 2.249374015709848962e+00 1.807907560038136241e+00 1.347107583389810515e+00 1.496512966120223442e+00 inf inf 4.390185681569064080e+00 2.576555126589184397e+00 3.431899704904928683e+00
inf inf inf 0.000000000000000000e+00 inf 2.355700597353097780e+00 8.976995361336332913e-01 1.833049139230836788e+00 3.083090586001135502e+00 1.602839547763472261e+00 2.836327648032202831e+00 3.099352513883695703e+00 2.576701055761434489e+00 3.041885719631732599e+00 2.346491464294070184e+00 7.436519165305979229e-01 9.165245696154183941e-01 5.158979177292362550e+00 4.622470962774995584e+00 4.281878203078775869e+00
inf inf inf inf 0.000000000000000000e+00 3.262045318064538346e+00 inf 1.017495748191744598e+00 2.267537194962043756e+00 2.509184268474912827e+00 7.436519165305979229e-01 2.939706477168497756e+00 1.761147664722342521e+00 1.300347688074016794e+00 3.252836185005510750e+00 inf inf 4.343425786253270360e+00 2.529795231273390677e+00 4.122232166363577477e+00
inf inf inf inf inf 0.000000000000000000e+00 inf 2.801044076023579521e+00 1.806737218313717808e+00 1.293712144093702721e+00 2.527200244362433068e+00 7.436519165305979229e-01 1.300347688074016794e+00 3.083896015905851939e+00 2.037364060624300421e+00 inf inf 3.882625809604944411e+00 4.313343559105225822e+00 1.926177605725677866e+00
inf inf inf inf inf 1.458001061219464489e+00 0.000000000000000000e+00 2.212471943559716436e+00 3.264738279533182297e+00 7.051400116298389698e-01 1.938628111898569539e+00 2.201652977750062412e+00 2.758348749293481283e+00 2.495323883441988411e+00 1.448791928160436893e+00 inf inf 5.340626870824408456e+00 3.724771426641362293e+00 3.384178666945142133e+00
inf inf inf inf inf 3.170534210391417584e+00 inf 0.000000000000000000e+00 1.250041446770298936e+00 2.417673160801792065e+00 3.651161261070522634e+00 1.922210728976753380e+00 7.436519165305979229e-01 1.208836580400896032e+00 3.161325077332389988e+00 inf inf 3.325930038061525540e+00 5.437304575813315388e+00 3.104736418171833101e+00
inf inf inf inf inf 1.975090559359184761e+00 inf 2.729561441699436486e+00 0.000000000000000000e+00 1.222229509769559241e+00 2.455717610038290033e+00 6.721692822064544437e-01 1.228865053749873315e+00 3.012413381581708904e+00 1.965881426300157164e+00 inf inf 2.075888591291226604e+00 4.241860924781082787e+00 1.854694971401534387e+00
inf inf inf inf inf 7.528610495896255195e-01 inf 1.507331931929877245e+00 2.559598267903343327e+00 0.000000000000000000e+00 1.233488100268730570e+00 1.496512966120223442e+00 2.053208737663642314e+00 1.790183871812149441e+00 7.436519165305979229e-01 inf inf 4.635486859194569931e+00 3.019631415011523323e+00 2.679038655315303608e+00
inf inf inf inf inf 2.518393401533940423e+00 inf 2.738438316611466750e-01 1.523885278431445611e+00 1.765532351944314904e+00 0.000000000000000000e+00 2.196054560637899833e+00 1.017495748191744598e+00 5.566957715434188714e-01 2.509184268474912827e+00 inf inf 3.599773869722672437e+00 1.786143314742792532e+00 3.378580249832979554e+00
inf inf inf inf inf 1.302921277152730317e+00 inf 2.057392159492982042e+00 1.063085301783119885e+00 5.500602275631047977e-01 1.783548327831835367e+00 0.000000000000000000e+00 5.566957715434188714e-01 2.340244099375254017e+00 1.293712144093702721e+00 inf inf 3.138973893074346488e+00 3.569691642574627899e+00 1.182525689195079943e+00
inf inf inf inf inf 2.481480089598885996e+00 inf 3.235950971939137055e+00 5.063895302397010134e-01 1.728619040009260255e+00 2.962107140277990602e+00 1.178558812446155457e+00 0.000000000000000000e+00 3.518802911821409474e+00 2.472270956539857956e+00 inf inf 2.582278121530927617e+00 4.748250455020783356e+00 2.361084501641235178e+00
inf inf inf inf inf 1.961697629990521552e+00 inf 2.716168512330773055e+00 3.768434848304239360e+00 1.208836580400896032e+00 2.442324680669626602e+00 2.705349546521119475e+00 3.262045318064538346e+00 0.000000000000000000e+00 1.952488496931493955e+00 inf inf 5.844323439595465963e+00 4.228467995412419356e+00 3.887875235716199640e+00
inf inf inf inf inf 3.008229585272073070e+00 inf 7.636800153992793216e-01 2.013721462169578480e+00 2.255368535682447551e+00 4.898361837381326467e-01 2.685890744376032480e+00 1.507331931929877245e+00 1.046531955281551518e+00 0.000000000000000000e+00 inf inf 4.089610053460805084e+00 2.275979498480925400e+00 3.868416433571112201e+00
inf inf inf inf inf 1.612048680822499858e+00 1.540476196030353684e-01 2.366519563162751361e+00 3.418785899136217665e+00 8.591876312328743381e-01 2.092675731501604908e+00 2.355700597353097780e+00 2.912396368896516652e+00 2.649371503045023779e+00 1.602839547763472261e+00 0.000000000000000000e+00 inf 5.494674490427444269e+00 3.878819046244397661e+00 3.538226286548177946e+00
inf inf inf inf inf 4.087058780006835867e+00 inf 9.165245696154183941e-01 2.166566016385717219e+00 3.334197730417210348e+00 4.567685830685940473e+00 2.838735298592171663e+00 1.660176486146016206e+00 2.125361150016314316e+00 4.077849646947807827e+00 inf 0.000000000000000000e+00 4.242454607676943823e+00 6.353829145428733227e+00 4.021260987787250940e+00
inf inf inf inf inf 4.594281992825166583e+00 inf 2.349732422952373057e+00 3.599773869722671993e+00 3.841420943235541507e+00 2.075888591291226604e+00 4.271943151929126437e+00 3.093384339482970979e+00 2.632584362834645475e+00 4.585072859766139430e+00 inf inf 0.000000000000000000e+00 3.862031906034019357e+00 5.454468841124206158e+00
inf inf inf inf inf 4.794372900014865380e+00 inf 2.549823330142071853e+00 3.799864776912371234e+00 4.041511850425240304e+00 2.275979498480925400e+00 4.472034059118825233e+00 3.293475246672669776e+00 2.832675270024344272e+00 1.786143314742792532e+00 inf inf 5.875753368203597837e+00 0.000000000000000000e+00 5.654559748313904954e+00
inf inf inf inf inf 4.190755274467153235e+00 inf 1.946205704594359265e+00 3.196247151364658201e+00 3.437894224877527272e+00 1.672361872933212590e+00 3.868416433571112201e+00 2.689857621124957188e+00 2.229057644476631239e+00 1.182525689195079943e+00 inf inf 5.272135742655884805e+00 3.458505187676005121e+00 0.000000000000000000e+00
