0.000000000000000000e+00 5.288299999999999557e+00 4.416100000000000136e+00 4.416100000000000136e+00 5.288299999999999557e+00 5.288299999999999557e+00 5.288299999999999557e+00 5.288299999999999557e+00 5.288299999999999557e+00 4.416100000000000136e+00 4.416100000000000136e+00
5.288299999999999557e+00 0.000000000000000000e+00 5.288299999999999557e+00 5.288299999999999557e+00 1.997600000000000042e+00 1.997600000000000042e+00 4.336500000000000021e+00 4.130899999999999572e+00 4.130899999999999572e+00 5.288299999999999557e+00 5.288299999999999557e+00
4.416100000000000136e+00 5.288299999999999557e+00 0.000000000000000000e+00 6.322999999999999732e-01 5.288299999999999557e+00 5.288299999999999557e+00 5.288299999999999557e+00 5.288299999999999557e+00 5.288299999999999557e+00 3.344500000000000028e+00 3.344500000000000028e+00
4.416100000000000136e+00 5.288299999999999557e+00 6.322999999999999732e-01 0.000000000000000000e+00 5.288299999999999557e+00 5.288299999999999557e+00 5.288299999999999557e+00 5.288299999999999557e+00 5.288299999999999557e+00 3.344500000000000028e+00 3.344500000000000028e+00
5.288299999999999557e+00 1.997600000000000042e+00 5.288299999999999557e+00 5.288299999999999557e+00 0.000000000000000000e+00 4.043999999999999817e-01 4.202099999999999724e+00 3.954000000000000181e+00 3.954000000000000181e+00 5.288299999999999557e+00 5.288299999999999557e+00
5.288299999999999557e+00 1.997600000000000042e+00 5.288299999999999557e+00 5.288299999999999557e+00 4.043999999999999817e-01 0.000000000000000000e+00 4.202099999999999724e+00 3.954000000000000181e+00 3.954000000000000181e+00 5.288299999999999557e+00 5.288299999999999557e+00
5.288299999999999557e+00 4.336500000000000021e+00 5.288299999999999557e+00 5.288299999999999557e+00 4.202099999999999724e+00 4.202099999999999724e+00 0.000000000000000000e+00 1.333299999999999930e+00 1.333299999999999930e+00 5.288299999999999557e+00 5.288299999999999557e+00
5.288299999999999557e+00 4.130899999999999572e+00 5.288299999999999557e+00 5.288299999999999557e+00 3.954000000000000181e+00 3.954000000000000181e+00 1.333299999999999930e+00 0.000000000000000000e+00 8.179999999999999771e-02 5.288299999999999557e+00 5.288299999999999557e+00
5.288299999999999557e+00 4.130899999999999572e+00 5.288299999999999557e+00 5.288299999999999557e+00 3.954000000000000181e+00 3.954000000000000181e+00 1.333299999999999930e+00 8.179999999999999771e-02 0.000000000000000000e+00 5.288299999999999557e+00 5.288299999999999557e+00
4.416100000000000136e+00 5.288299999999999557e+00 3.344500000000000028e+00 3.344500000000000028e+00 5.288299999999999557e+00 5.288299999999999557e+00 5.288299999999999557e+00 5.288299999999999557e+00 5.288299999999999557e+00 0.000000000000000000e+00 6.689000000000000057e+00
4.416100000000000136e+00 5.288299999999999557e+00 3.344500000000000028e+00 3.344500000000000028e+00 5.288299999999999557e+00 5.288299999999999557e+00 5.288299999999999557e+00 5.288299999999999557e+00 5.288299999999999557e+00 6.689000000000000057e+00 0.000000000000000000e+00
