0.000000000000000000e+00 2.194576155909082171e+00 2.294355491475168041e+00 2.480657359681815777e+00 3.725698238691153019e+00 2.480657359681815777e+00 2.717718424310494818e+00 4.000000000000000000e+00 2.453981638545862154e+00 3.985103721327933002e+00 3.985103721327933002e+00 1.097288077954541086e+00 3.010026865083160530e+00 3.240328679840907888e+00
inf 0.000000000000000000e+00 9.977933556608586940e-02 2.860812037727336055e-01 1.531122082782070848e+00 2.860812037727336055e-01 5.231422684014126467e-01 1.805423844090917829e+00 2.594054826367798161e-01 1.790527565418850608e+00 1.790527565418850608e+00 inf 8.154507091740783586e-01 1.045752523931825717e+00
inf inf 0.000000000000000000e+00 inf 1.431342747215984978e+00 1.863018682066477361e-01 inf 1.705644508524831959e+00 inf 1.690748229852764739e+00 1.690748229852764739e+00 inf 7.156713736079924892e-01 9.459731883657398477e-01
inf inf inf 0.000000000000000000e+00 inf inf 2.370610646286790413e-01 inf 2.621459382223867429e-01 inf inf inf inf inf
inf inf inf inf 0.000000000000000000e+00 inf inf inf inf 2.594054826367798161e-01 2.594054826367798161e-01 inf inf inf
inf inf inf inf inf 0.000000000000000000e+00 inf 1.519342640318184223e+00 inf inf inf inf inf 7.596713201590921116e-01
inf inf inf 5.176059472966149100e-02 inf inf 0.000000000000000000e+00 inf 2.508487359370770164e-02 inf inf inf inf inf
inf inf inf inf inf inf inf 0.000000000000000000e+00 inf inf inf inf inf inf
inf inf inf 2.667572113595378935e-02 inf inf 2.637367857646328306e-01 inf 0.000000000000000000e+00 inf inf inf inf inf
inf inf inf inf inf inf inf inf inf 0.000000000000000000e+00 inf inf inf inf
inf inf inf inf inf inf inf inf inf inf 0.000000000000000000e+00 inf inf inf
inf 1.097288077954541086e+00 1.197067413520626955e+00 1.383369281727274691e+00 2.628410160736612156e+00 1.383369281727274691e+00 1.620430346355953732e+00 2.902711922045458692e+00 1.356693560591320846e+00 2.887815643373391694e+00 2.887815643373391694e+00 0.000000000000000000e+00 1.912738787128619444e+00 2.143040601886366581e+00
inf inf inf inf 7.156713736079924892e-01 inf inf inf inf 9.750768562447722498e-01 9.750768562447722498e-01 inf 0.000000000000000000e+00 inf
inf inf inf inf inf inf inf 7.596713201590921116e-01 inf inf inf inf inf 0.000000000000000000e+00
